AERONET_Database_Site_List,Num=0,Date_Generated=25:08:2017,Months_Available_for_Year,2016
Site_Name,Longitude(decimal_degrees),Latitude(decimal_degrees),Elevation(meters),JAN,FEB,MAR,APR,MAY,JUN,JUL,AUG,SEP,OCT,NOV,DEC
Alta_Floresta,-56.104453,-9.871339,277.000000,1,1,1,1,1,1,1,0,0,0,0,0
Tucson,-110.953003,32.233002,779.000000,1,1,1,1,1,1,1,1,1,1,1,0
GSFC,-76.839833,38.992500,87.000000,1,1,1,1,1,1,1,1,1,1,1,1
Wallops,-75.474998,37.941666,10.000000,1,1,1,1,1,1,1,0,0,0,0,0
Key_Biscayne,-80.163330,25.731966,0.000000,1,1,1,1,1,1,1,1,1,1,1,1
Sevilleta,-106.885002,34.354721,1477.000000,1,1,1,1,1,1,0,0,0,0,0,0
Cart_Site,-97.486390,36.606670,318.000000,1,1,1,0,0,0,0,0,0,0,0,0
Bonanza_Creek,-148.316269,64.742805,150.000000,0,0,0,1,1,1,1,1,1,1,0,0
Mauna_Loa,-155.578003,19.539000,3397.000000,1,1,1,1,1,1,1,1,1,1,1,0
Lille,3.141667,50.611667,60.000000,1,1,1,1,1,1,1,1,1,1,1,1
Missoula,-114.083336,46.916668,1028.000000,0,1,1,1,1,1,0,0,0,0,0,0
Capo_Verde,-22.935499,16.732500,60.000000,1,1,1,1,1,1,1,0,0,0,0,0
UCSB,-119.845360,34.415428,33.000000,1,1,1,0,0,0,0,0,0,0,0,0
SERC,-76.500000,38.883335,10.000000,1,1,1,1,1,1,1,1,0,0,1,1
Barcelona,2.116970,41.385670,125.000000,1,1,1,0,0,0,0,0,0,0,0,0
SEDE_BOKER,34.782222,30.855000,480.000000,1,1,1,1,1,1,1,1,1,1,1,1
Trinidad_Head,-124.151017,41.053917,105.000000,1,1,1,1,0,0,0,0,0,0,0,0
CARTEL,-71.931333,45.379333,300.000000,1,1,1,1,1,1,1,1,1,1,1,0
Toronto,-79.470000,43.780000,300.000000,1,1,1,1,1,1,1,1,0,0,0,0
SANTA_CRUZ,-63.177717,-17.802133,442.000000,0,0,0,0,0,0,1,1,1,1,1,1
Banizoumbou,2.664750,13.541167,250.000000,1,1,1,1,0,0,0,0,0,0,0,0
Ascension_Island,-14.414722,-7.976389,30.000000,1,1,1,1,1,1,1,1,1,1,1,1
Barrow,-156.665000,71.312200,0.000000,0,0,0,0,1,0,1,1,1,0,0,0
REUNION_ST_DENIS,55.483333,-20.883333,0.000000,0,0,0,1,1,1,1,1,1,1,1,1
Dakar,-16.958611,14.394167,0.000000,1,1,1,1,1,1,1,1,1,1,1,1
Guadeloup,-61.500000,16.333333,0.000000,1,1,1,1,1,0,0,0,0,0,0,0
BONDVILLE,-88.371944,40.053333,212.000000,1,1,1,1,1,1,1,0,0,0,0,0
Venise,12.508300,45.313900,10.000000,1,1,1,1,1,1,1,1,1,1,1,1
Izana,-16.499060,28.309320,2391.000000,1,1,1,1,1,1,1,1,1,1,1,0
Teide,-16.642800,28.272500,3570.000000,0,0,0,0,1,1,1,1,1,1,1,0
Egbert,-79.750000,44.225667,264.000000,0,0,0,0,1,1,1,1,1,1,1,1
Ispra,8.626700,45.803050,235.000000,1,1,1,1,1,1,1,1,1,1,1,1
Mainz,8.300000,49.999000,150.000000,1,1,1,1,1,1,0,0,0,0,0,0
Saturn_Island,-123.133000,48.783000,200.000000,0,0,0,0,1,1,1,1,1,1,0,0
Ilorin,4.340000,8.320000,350.000000,1,1,1,1,1,1,1,1,1,1,1,1
Dongsha_Island,116.728833,20.698556,5.000000,0,1,1,1,0,0,0,0,0,0,0,0
MCO-Hanimaadhoo,73.183183,6.776350,0.000000,1,1,1,1,1,1,1,1,1,1,1,1
NASA_LaRC,-76.378640,37.104960,5.000000,1,1,1,1,1,1,1,1,1,1,1,1
Pickle_Lake,-90.217500,51.449444,393.000000,1,1,1,1,1,1,1,1,1,0,0,0
IMAA_Potenza,15.720000,40.600000,820.000000,1,1,1,1,1,1,1,1,1,0,0,0
Skukuza,31.587500,-24.991700,150.000000,0,0,0,1,1,1,1,1,1,1,1,1
Table_Mountain,-105.237000,40.125000,1689.000000,1,1,1,1,0,0,0,0,0,0,0,0
TABLE_MOUNTAIN_CA,-117.680000,34.380000,2200.000000,1,1,1,1,1,1,1,0,0,0,0,0
Rimrock,-116.991667,46.487500,824.000000,1,0,1,1,1,1,1,1,1,1,1,1
Clermont_Ferrand,2.961944,45.760000,1464.000000,0,0,0,0,0,0,1,1,1,0,0,0
Palaiseau,2.208333,48.700000,156.000000,1,1,1,1,1,1,0,0,0,0,0,0
Paris,2.333333,48.866667,50.000000,1,1,1,1,1,1,1,1,1,1,1,1
Moldova,28.815600,47.000100,205.000000,1,1,1,1,1,1,1,1,0,0,0,0
MD_Science_Center,-76.616667,39.283333,15.000000,1,1,1,1,1,1,1,0,0,0,0,0
CEILAP-BA,-58.500000,-34.566667,10.000000,1,0,0,0,0,0,0,0,0,0,0,0
Anmyon,126.330194,36.538537,47.000000,0,0,0,1,1,1,1,1,1,1,1,1
IMS-METU-ERDEMLI,34.255000,36.565000,3.000000,1,1,1,1,1,1,1,1,1,0,0,0
El_Arenosillo,-6.733472,37.105000,0.000000,0,0,0,0,1,1,1,1,1,1,1,1
Kyiv,30.496667,50.363611,200.000000,1,1,1,1,1,1,1,1,1,1,1,0
Churchill,-93.818167,58.736000,10.000000,1,0,0,1,1,1,0,1,1,1,0,0
Hamburg,9.973333,53.568333,105.000000,1,1,1,1,1,1,1,1,1,1,0,0
Modena,10.945278,44.631667,56.000000,1,1,1,1,1,1,0,0,0,0,0,0
La_Parguera,-67.045383,17.970450,12.400000,1,1,1,1,1,1,1,1,0,0,0,0
Lampedusa,12.631667,35.516667,45.000000,1,1,1,1,0,0,0,1,1,1,1,1
Osaka,135.590633,34.650933,50.000000,1,1,1,1,1,1,1,1,1,1,1,0
Shirahama,135.356917,33.693450,10.000000,1,1,1,1,1,1,0,0,0,0,0,0
BSRN_BAO_Boulder,-105.006033,40.045183,1604.000000,1,1,1,1,1,1,1,0,0,0,0,0
Kanpur,80.231639,26.512778,123.000000,1,1,1,1,1,1,1,1,1,1,1,1
Billerica,-71.268619,42.528347,82.000000,0,1,1,1,1,1,1,1,1,1,1,0
Moscow_MSU_MO,37.510000,55.700000,192.000000,1,1,1,1,0,0,0,0,0,0,0,0
Minsk,27.601000,53.920000,200.000000,0,0,1,1,1,1,1,1,1,1,0,0
Beijing,116.381370,39.976890,92.000000,1,1,1,1,1,1,1,0,0,0,0,0
Kuopio,27.633606,62.892414,105.000000,0,0,0,1,1,1,1,1,1,1,0,0
Sao_Paulo,-46.734983,-23.561500,865.000000,1,1,1,1,1,1,1,1,1,0,0,0
Seoul_SNU,126.951111,37.458056,116.000000,1,1,1,1,1,1,1,1,1,1,1,1
Rome_Tor_Vergata,12.647333,41.839550,130.000000,1,1,1,1,1,1,1,1,1,1,1,1
Gosan_SNU,126.161667,33.292222,72.000000,1,0,1,1,1,1,1,1,1,0,0,0
XiangHe,116.961500,39.753600,36.000000,1,1,1,1,1,1,1,1,1,1,1,1
Davos,9.843800,46.812917,1596.000000,1,1,1,1,1,1,1,1,1,1,1,0
CCNY,-73.949036,40.821313,100.000000,0,0,0,0,0,0,0,1,1,1,0,1
Jabiru,132.893100,-12.660700,30.000000,1,1,1,1,1,1,0,0,0,0,0,0
Lake_Argyle,128.748500,-16.108100,150.000000,1,1,1,1,1,1,1,1,0,0,0,0
Munich_University,11.573000,48.148000,533.000000,1,1,1,1,1,1,0,0,0,0,0,0
Lecce_University,18.111389,40.335111,30.000000,1,1,1,1,0,0,0,0,0,0,0,0
ATHENS-NOA,23.775000,37.988000,130.000000,1,1,1,1,1,1,0,0,0,0,0,0
Taipei_CWB,121.500000,25.030000,26.000000,1,1,1,1,1,0,0,0,0,0,0,0
Chen-Kung_Univ,120.216667,23.000000,50.000000,1,1,1,1,1,1,0,0,0,0,0,0
Belsk,20.791667,51.836667,190.000000,1,1,1,1,1,1,1,1,0,0,0,0
Toravere,26.460000,58.255000,70.000000,1,1,1,1,1,1,1,0,0,0,0,0
Andenes,16.008611,69.278333,379.000000,0,1,1,1,1,1,1,1,1,1,0,0
Halifax,-63.594000,44.638000,65.000000,0,0,0,0,1,1,1,1,1,0,0,0
Villefranche,7.328889,43.683889,130.000000,1,1,1,1,1,1,1,1,1,1,0,0
Kuujjuarapik,-77.800000,55.300000,0.000000,1,1,1,1,1,1,1,0,0,0,0,0
FORTH_CRETE,25.282417,35.332694,20.000000,1,1,1,1,1,1,1,1,1,0,0,0
Palencia,-4.515694,41.988572,750.000000,1,1,1,1,1,1,1,1,1,1,0,0
Canberra,149.111100,-35.271300,600.000000,1,1,1,1,1,1,1,1,1,1,1,1
Amsterdam_Island,77.573333,-37.810000,30.000000,1,1,1,1,1,1,1,1,1,1,1,1
Omkoi,98.431667,17.798333,1120.000000,1,1,1,1,1,1,1,1,1,1,1,1
Palgrunden,13.151500,58.755333,49.000000,0,0,0,0,1,1,1,1,1,1,1,0
Carpentras,5.058333,44.083333,100.000000,1,1,1,1,1,1,1,0,0,0,0,0
Cabauw,4.927000,51.971000,-0.700000,1,1,1,1,0,1,0,1,1,0,0,0
Toulon,6.009444,43.135556,50.000000,1,1,1,1,1,1,1,1,1,1,1,1
Dunkerque,2.368117,51.035350,0.000000,1,1,1,1,1,1,1,0,0,0,0,0
Evora,-7.911500,38.567833,293.000000,1,1,1,1,0,0,0,0,0,0,0,0
ETNA,15.019433,37.613500,736.000000,0,1,1,1,1,1,1,1,1,1,0,0
Hyytiala,24.295892,61.846447,191.000000,0,0,0,1,1,1,1,0,1,1,0,0
MVCO,-70.550000,41.300000,10.000000,0,0,0,1,1,1,1,1,1,1,1,1
Cabo_da_Roca,-9.500000,38.783333,140.000000,1,1,1,1,1,1,1,1,1,1,1,1
Messina,15.566833,38.197500,15.000000,1,1,1,1,1,1,1,1,1,1,1,1
Gwangju_GIST,126.843139,35.228278,52.000000,0,0,0,0,1,0,0,0,0,0,0,0
Thessaloniki,22.960000,40.630000,60.000000,1,1,0,0,0,0,0,0,0,0,0,0
Ames,-93.774778,42.021361,338.000000,1,0,0,0,0,0,0,0,0,0,0,0
IER_Cinzana,-5.933867,13.278433,285.000000,1,1,1,1,1,1,1,1,1,1,0,0
Granada,-3.605000,37.164000,680.000000,1,1,1,1,1,0,0,0,0,0,0,0
Mezaira,53.778611,23.145000,204.000000,1,1,1,1,1,1,1,1,1,1,1,1
Saada,-8.155830,31.625830,420.000000,1,1,1,1,1,1,1,1,1,1,1,1
Pune,73.805491,18.537255,559.000000,1,1,1,0,0,0,0,0,0,0,0,0
Cape_San_Juan,-65.619900,18.384500,15.000000,1,0,0,1,1,1,1,1,1,1,1,0
Karlsruhe,8.427900,49.093300,140.000000,0,0,1,1,1,1,1,1,0,0,0,0
Gustav_Dalen_Tower,17.466830,58.594170,25.000000,0,0,0,1,1,1,1,1,1,1,0,0
Hornsund,15.560278,77.001111,10.000000,0,0,0,0,0,1,1,1,1,0,0,0
COVE_SEAPRISM,-75.710000,36.900000,24.000000,1,0,0,0,0,0,0,0,0,0,0,0
Fort_McMurray,-111.476139,56.752306,360.000000,1,1,1,1,1,1,1,1,1,1,0,0
OHP_OBSERVATOIRE,5.710000,43.935000,680.000000,1,1,1,1,1,1,0,0,0,0,0,0
Birdsville,139.345960,-25.898930,46.500000,1,1,0,1,1,1,1,1,1,1,1,1
Red_Mountain_Pass,-107.725000,37.908333,3368.000000,1,1,1,1,1,1,0,0,0,0,0,0
Chilbolton,-1.436980,51.144460,88.000000,1,1,1,1,1,1,0,0,0,0,0,0
Trelew,-65.308611,-43.249806,15.000000,1,1,1,1,1,0,0,0,0,0,0,0
CEILAP-RG,-69.320000,-51.600000,15.000000,1,1,1,0,1,1,1,0,0,0,0,0
Hong_Kong_PolyU,114.179722,22.303333,30.000000,0,0,0,0,0,1,1,0,1,1,0,0
ICIPE-Mbita,34.200000,-0.416700,1125.000000,1,1,0,0,0,0,0,0,0,0,0,0
Ji_Parana_SE,-61.851517,-10.934250,218.000000,1,1,1,1,1,0,0,0,0,0,0,0
La_Paz,-68.066467,-16.539000,3439.000000,1,1,1,1,1,1,1,1,1,1,1,1
Tudor_Hill,-64.879000,32.264000,51.000000,0,0,0,1,1,1,1,1,1,1,1,1
Lulin,120.873611,23.468611,2868.000000,1,1,1,1,1,1,1,1,0,0,0,0
Gandhi_College,84.127944,25.871000,60.000000,1,1,1,1,1,1,0,1,1,1,1,1
Helsinki_Lighthouse,24.926360,59.948970,20.000000,0,0,0,0,1,1,1,1,1,0,0,0
Chapais,-74.975400,49.822433,373.440000,1,1,1,1,1,1,1,1,1,1,1,1
EPA-NCU,121.185483,24.967533,144.000000,1,1,1,1,1,1,1,0,0,0,0,0
Univ_of_Houston,-95.341600,29.717700,65.000000,1,1,1,1,1,1,1,1,1,0,0,0
Thompson_Farm,-70.948344,43.108772,26.000000,1,1,1,1,1,1,1,1,1,1,0,0
Singapore,103.780383,1.297667,30.000000,1,1,1,1,1,1,1,1,1,1,1,1
White_Sands_HELSTF,-106.338072,32.634942,1207.240000,1,1,1,1,1,1,1,1,1,1,1,1
Sodankyla,26.629570,67.366620,184.000000,0,0,0,1,1,1,1,1,1,1,0,0
Eilat,34.917500,29.502500,15.000000,1,1,1,0,0,0,0,0,0,0,0,0
PEARL,-86.416944,80.053611,615.000000,0,0,0,1,1,0,1,1,1,0,0,0
OPAL,-85.939167,79.990278,0.000000,0,0,1,1,1,1,1,1,0,0,0,0
NASA_Ames,-122.056969,37.419986,10.000000,1,1,0,1,1,1,0,0,0,0,1,1
Burjassot,-0.418000,39.508000,30.000000,1,1,1,1,1,1,1,1,1,1,1,0
La_Laguna,-16.321111,28.481944,568.000000,1,1,1,1,1,1,1,1,1,0,0,0
Bucharest_Inoe,26.029722,44.348056,93.000000,1,1,1,1,1,0,0,0,0,0,0,0
Silpakorn_Univ,100.041183,13.819308,72.000000,1,1,1,1,1,1,1,1,1,1,1,1
Chiang_Mai_Met_Sta,98.972467,18.771125,312.000000,1,1,1,1,1,1,1,0,0,0,0,0
Songkhla_Met_Sta,100.604583,7.184387,15.000000,0,0,1,1,0,0,0,0,0,0,0,0
Ragged_Point,-59.432035,13.165018,40.000000,1,1,1,1,1,1,1,1,1,1,1,1
Issyk-Kul,76.983056,42.622778,1650.000000,1,0,0,0,0,0,0,0,0,0,0,0
South_Pole_Obs_NOAA,70.300000,-89.996430,2850.000000,1,0,0,0,0,0,0,0,0,0,0,0
Iqaluit,-68.542997,63.747575,15.000000,0,0,0,0,1,1,1,1,1,0,0,0
Kangerlussuaq,-50.621400,66.995800,320.000000,0,0,0,1,1,1,1,0,0,0,0,0
Bozeman,-111.045013,45.662204,1507.000000,1,1,1,1,1,1,1,1,1,1,1,1
Kanzelhohe_Obs,13.907000,46.678000,1526.000000,1,1,1,1,1,0,1,1,1,1,0,1
Ersa,9.359289,43.003669,80.000000,1,1,1,1,1,1,0,0,0,0,0,0
Helsinki,24.960650,60.203733,52.800000,0,1,1,1,1,1,1,1,1,1,1,0
Camaguey,-77.849900,21.422300,122.000000,1,1,1,1,1,1,1,0,0,0,0,0
El_Segundo,-118.382300,33.912500,25.000000,1,1,1,1,1,1,1,0,0,0,0,0
Dayton,-84.109618,39.775977,243.000000,1,1,1,1,1,1,1,0,0,0,0,0
Arcachon,-1.163222,44.663528,11.000000,1,1,1,1,1,1,0,0,0,0,0,0
Vechernaya_Hill,46.158000,-67.660000,80.000000,1,0,0,0,0,0,0,0,0,0,0,0
Manila_Observatory,121.077840,14.635250,63.000000,1,1,0,0,0,0,0,0,0,0,0,0
Ubon_Ratchathani,104.871011,15.245518,120.000000,1,1,1,1,1,1,1,0,0,0,0,0
Malaga,-4.477500,36.715000,40.000000,0,1,1,1,1,1,1,0,0,0,0,0
Jaipur,75.806217,26.905817,450.000000,1,1,1,0,0,0,0,0,0,0,0,0
Yellowknife_Aurora,-114.376250,62.451300,220.800000,0,1,1,1,1,1,1,1,0,0,0,0
Birkenes,8.252310,58.388450,230.000000,1,1,1,1,0,0,0,0,0,0,0,0
Bandung,107.610000,-6.888417,826.000000,1,1,1,1,1,1,1,1,1,0,0,0
Zinder_Airport,8.990233,13.776683,456.000000,0,0,1,1,1,0,0,0,0,0,0,0
LISCO,-73.341767,40.954517,12.000000,1,1,1,1,1,1,1,1,1,1,1,1
UMBC,-76.709353,39.254628,79.000000,1,1,1,0,0,0,0,0,0,0,0,0
Univ_of_Lethbridge,-112.868967,49.681672,737.000000,0,1,1,1,1,1,1,1,0,0,0,0
Kelowna_UAS,-119.400111,49.941294,456.000000,1,1,1,1,1,1,1,1,1,0,0,0
Eforie,28.632222,44.075000,40.000000,1,1,1,0,0,0,0,0,0,0,0,0
Lucinda,146.386100,-18.519800,8.000000,1,1,1,1,1,1,1,1,1,0,0,0
ND_Marbel_Univ,124.842531,6.496011,70.000000,1,0,0,0,0,0,0,0,0,0,0,0
WaveCIS_Site_CSI_6,-90.483333,28.866667,32.660000,1,1,1,1,1,1,1,1,1,1,1,1
Goldstone,-116.791667,35.233333,1100.000000,1,1,1,1,1,1,1,1,1,1,0,0
Baengnyeong,124.630278,37.966111,136.000000,1,1,1,1,1,1,1,1,1,0,0,0
Huelva,-6.568700,37.016300,25.000000,0,1,1,1,1,0,0,0,0,0,0,0
CalTech,-118.126167,34.136730,260.000000,0,1,1,1,1,1,1,1,1,1,1,1
CUT-TEPAK,33.042750,34.674806,22.000000,1,1,1,1,1,1,1,0,0,1,1,1
Dushanbe,68.857911,38.553264,821.000000,1,1,1,1,1,1,1,1,1,1,1,0
Appalachian_State,-81.693800,36.214600,1080.000000,0,0,0,1,1,1,1,1,1,1,1,1
Aubiere_LAMP,3.111072,45.760960,423.000000,1,1,1,1,1,1,1,1,1,1,1,1
Frioul,5.293333,43.266111,40.000000,1,1,1,1,1,1,1,1,1,1,1,1
CLUJ_UBB,23.551389,46.768333,405.000000,1,1,1,1,1,1,0,0,0,0,0,0
Gloria,29.359670,44.599970,30.000000,1,1,1,1,0,0,0,0,0,0,0,0
Oujda,-1.898500,34.653167,620.000000,1,1,1,1,1,0,0,0,0,0,0,0
Timisoara,21.227360,45.746260,122.000000,0,0,0,0,0,0,1,1,0,0,0,0
NGHIA_DO,105.799640,21.047780,40.000000,1,1,1,1,1,1,1,1,0,0,1,1
Manaus_EMBRAPA,-59.969778,-2.890528,115.000000,1,1,1,1,1,0,0,0,0,0,0,0
USC_SEAPRISM,-118.117820,33.563710,31.000000,1,1,0,0,0,1,1,1,1,1,1,1
Tabernas_PSA-DLR,-2.358180,37.090760,500.000000,1,1,1,1,0,0,0,0,0,0,0,0
Yonsei_University,126.934867,37.564370,88.000000,1,1,1,1,1,1,1,1,1,1,1,1
Montsec,0.729689,42.051417,1574.000000,1,1,1,1,1,1,0,0,0,0,0,0
Key_Biscayne2,-80.163330,25.731966,0.000000,1,1,1,1,1,1,1,1,1,1,1,1
Palma_de_Mallorca,2.625100,39.553300,10.000000,1,1,1,1,1,0,0,0,0,0,0,0
Masdar_Institute,54.616600,24.441600,4.000000,1,1,1,1,1,1,0,0,0,0,0,0
Magurele_Inoe,26.030703,44.348292,90.000000,1,1,1,1,1,1,1,1,1,1,0,0
USM_Penang,100.302310,5.358380,51.000000,1,1,1,1,1,1,1,1,0,0,0,0
Henties_Bay,14.259740,-22.095060,20.000000,1,1,1,1,1,1,1,1,1,1,1,0
Sandia_NM_PSEL,-106.540069,35.054583,1662.500000,1,0,1,1,1,1,1,1,1,1,1,0
Fresno_2,-119.773020,36.785370,100.000000,1,1,1,1,1,1,1,1,0,0,0,0
Bure_OPE,5.505000,48.562500,393.000000,1,1,1,1,1,1,1,1,1,0,0,0
Univ_of_Nevada-Reno,-119.814033,39.540867,1410.000000,1,1,1,0,0,1,1,1,1,1,1,1
Coruna,-8.420800,43.363000,67.000000,1,0,1,1,1,1,0,0,0,0,0,0
Hong_Kong_Sheung,114.116600,22.483300,40.000000,1,1,1,1,1,0,0,0,0,0,0,0
UPRM_Lidar_Lab,-67.140125,18.210131,10.000000,1,1,1,1,1,1,0,0,0,0,0,0
Luang_Namtha,101.416200,20.931100,557.000000,1,1,1,1,1,1,1,1,1,1,1,1
KAUST_Campus,39.102833,22.304833,11.200000,1,1,1,1,1,1,1,1,1,1,1,1
Son_La,103.905340,21.332130,683.000000,0,1,1,1,1,1,0,0,0,0,0,0
GOT_Seaprism,101.412300,9.286200,10.000000,1,0,0,0,0,0,0,0,0,0,0,0
Madrid,-3.723950,40.451900,680.000000,1,1,1,1,1,1,1,1,1,0,0,0
Bayfordbury,-0.096240,51.776320,75.000000,1,1,1,1,1,1,1,1,1,1,1,1
Tizi_Ouzou,4.055833,36.698611,133.000000,1,1,1,1,1,1,1,1,1,1,1,1
Iasi_LOASL,27.555556,47.193056,175.000000,1,1,1,1,1,1,1,1,1,1,1,1
U_of_Wisconsin_SSEC,-89.411354,43.072492,330.000000,1,1,1,1,1,1,1,1,1,1,0,0
Pontianak,109.190860,0.075380,2.000000,1,1,0,0,0,0,0,0,0,0,0,0
Zaragoza,-0.882350,41.633400,250.000000,1,1,1,1,1,1,1,1,1,1,1,1
Lake_Lefroy,121.705000,-31.255000,300.000000,1,1,1,1,1,1,0,0,0,0,0,0
FZJ-JOYCE,6.412500,50.908333,108.000000,0,1,1,1,1,1,1,1,1,1,1,1
Badajoz,-7.010820,38.882808,186.000000,1,1,1,1,1,1,0,0,0,0,0,0
Gangneung_WNU,128.867000,37.771000,60.000000,1,1,1,1,1,1,1,1,1,1,1,1
Hankuk_UFS,127.265820,37.338830,167.000000,1,1,1,1,1,1,1,1,1,1,1,1
Fukuoka,130.475000,33.524000,30.000000,1,1,1,1,0,0,0,0,0,0,0,0
Pusan_NU,129.083000,35.235000,71.000000,1,1,1,1,1,1,1,1,1,1,1,1
Cerro_Poyos,-3.486660,37.108330,1830.000000,0,0,0,0,0,1,1,1,1,1,0,0
Valladolid,-4.705830,41.663600,705.000000,1,1,1,1,1,1,1,1,1,1,0,0
Palangkaraya,113.946240,-2.227990,27.000000,1,1,0,0,0,0,0,0,0,0,0,0
Medellin,-75.577914,6.260672,1471.000000,1,1,1,1,1,1,1,1,0,0,0,0
Murcia,-1.170700,38.001000,69.000000,1,1,1,1,1,1,1,1,1,1,1,1
UH_Coastal_Center,-95.042500,29.388300,5.000000,1,0,0,0,0,0,0,0,0,1,1,1
Kathmandu-Bode,85.390000,27.680000,1360.000000,0,0,1,1,1,1,0,0,0,0,0,0
Beijing-CAMS,116.316670,39.933330,106.000000,1,1,1,1,1,1,1,1,1,1,1,1
MetObs_Lindenberg,14.120870,52.209275,120.000000,1,1,1,1,1,1,1,1,1,0,0,1
Ben_Salem,9.914003,35.550550,130.000000,1,1,1,1,1,1,0,1,1,1,1,1
HohenpeissenbergDWD,11.011900,47.801900,989.680000,0,0,0,0,1,1,1,1,1,1,1,1
Fowlers_Gap,141.700820,-31.086300,181.000000,1,1,1,1,1,1,1,1,1,1,1,1
Santa_Monica_Colg,-118.471130,34.016850,55.000000,0,1,1,1,1,1,1,1,1,1,1,1
SEARCH-Centreville,-87.249680,32.902890,126.000000,1,1,1,1,1,0,0,0,0,0,0,0
SEARCH-Yorkville,-85.045550,33.928330,394.000000,1,1,1,1,1,1,1,1,1,1,1,0
SEARCH-OLF,-87.375310,30.549970,44.000000,1,1,1,1,1,1,1,1,1,1,0,0
Galata_Platform,28.193190,43.044624,31.000000,1,1,1,1,1,1,1,1,1,1,0,0
IMPROVE-MammothCave,-86.147900,37.131800,235.000000,0,0,0,1,1,1,1,1,1,1,1,1
St_Louis_University,-90.231552,38.636342,159.000000,1,0,0,0,0,0,0,0,0,0,0,0
Mingo,-90.143200,36.971700,111.000000,1,1,1,1,0,0,0,0,0,0,0,0
EPA-Res_Triangle_Pk,-78.870000,35.880000,109.000000,1,1,1,1,1,1,1,1,1,0,0,0
SP_Bayboro,-82.633000,27.761550,5.000000,1,1,1,1,1,1,1,1,1,1,0,0
Narsarsuaq,-45.419379,61.155952,75.000000,0,0,0,0,0,1,1,1,1,0,0,0
Exeter_MO,-3.475167,50.728519,40.000000,0,1,0,0,1,1,0,0,0,0,0,0
Tallahassee,-84.299350,30.445833,49.000000,1,1,1,1,1,1,1,1,1,1,1,1
CEILAP-Comodoro,-67.462875,-45.792153,49.000000,1,0,0,0,0,0,0,0,0,0,0,0
Fort_McKay,-111.640000,57.183500,267.000000,1,1,1,1,1,0,1,1,1,1,1,0
NEON_Sterling,-103.029297,40.461903,1372.000000,1,1,1,1,1,1,1,0,0,0,0,0
Chiayi,120.495975,23.495975,27.000000,1,1,0,0,0,0,0,1,1,1,1,1
Strzyzow,21.861300,49.878600,450.000000,1,1,1,1,1,1,1,1,1,0,0,0
ARM_Oliktok_AK,-149.880000,70.499500,2.000000,0,0,0,0,1,1,1,1,1,1,0,0
NEON-CPER,-104.744238,40.812444,1655.000000,0,1,1,1,0,0,0,0,0,0,0,0
Ieodo_Station,125.182447,32.122953,29.000000,0,0,0,1,1,1,1,1,1,1,1,1
LAQUILA_Coppito,13.350636,42.368386,656.000000,1,1,1,1,0,0,0,0,0,0,0,0
Toulouse_MF,1.374320,43.572610,160.000000,1,1,1,1,1,1,1,1,1,1,1,1
Bujumbura,29.383833,-3.380000,863.000000,1,1,1,1,1,0,0,0,0,0,0,0
Martova,36.953000,49.936000,120.000000,1,1,1,1,1,1,1,1,1,0,0,0
CEILAP-Neuquen,-68.136660,-38.952220,271.000000,1,1,1,1,1,1,1,1,0,0,0,0
Mongu_Inn,23.134333,-15.266667,1040.000000,1,0,0,0,0,0,0,0,0,0,0,0
El_Farafra,27.990167,27.058000,92.000000,1,1,1,1,1,1,1,1,1,1,1,1
Peterhof,29.826000,59.881000,58.000000,0,1,1,1,1,1,0,0,1,1,0,0
DRAGON_DenverLaCasa,-105.005180,39.779490,1601.000000,1,1,1,1,1,1,1,1,1,1,1,1
Sigma_Space_Corp,-76.836472,38.953000,44.800000,1,1,1,1,1,1,1,1,1,1,1,1
American_Samoa,-170.564400,-14.247200,76.000000,1,1,1,1,1,0,1,0,1,0,0,0
Gobabeb,15.041058,-23.561619,405.000000,1,1,1,1,1,1,1,1,0,0,0,0
Medenine-IRA,10.642547,33.499633,33.500000,1,1,1,1,1,1,0,0,0,0,0,0
Tuz_Golu_3,33.464678,38.792469,906.170000,0,0,0,0,0,0,0,1,1,0,0,0
Easton-MDE,-76.084250,38.794972,4.500000,1,1,1,1,1,1,1,1,1,1,1,1
Durban_UKZN,30.944011,-29.817233,205.000000,1,1,1,1,1,1,0,0,0,0,0,0
NEON_Harvard,-72.172661,42.536900,348.000000,1,1,1,1,1,1,1,1,0,0,0,0
Sirmione_Museo_GC,10.605833,45.500278,86.500000,0,0,1,1,1,1,1,1,1,1,0,0
NEON_OSBS,-81.993431,29.689269,47.000000,1,1,1,1,1,1,1,0,0,0,0,0
USGS_Flagstaff_ROLO,-111.634420,35.214840,2179.600000,1,1,1,1,0,0,0,0,0,0,0,0
Raciborz,18.191700,50.083100,230.000000,1,1,1,1,1,0,0,0,0,0,0,0
UdeConcepcion-CEFOP,-73.025310,-36.842780,170.000000,1,1,1,1,1,1,1,1,1,1,1,0
Socheongcho,124.738039,37.423133,28.000000,0,0,0,1,1,1,1,1,1,1,1,1
NEON_RMNP,-105.545972,40.275900,2750.000000,1,1,1,1,1,1,1,1,0,0,0,0
Nong_Khai,102.716710,17.877200,175.000000,1,1,1,1,0,0,0,0,0,0,0,0
Nicosia,33.381353,35.140628,181.000000,0,0,0,1,0,0,0,0,0,0,0,0
Blyth_NOAH,-1.420859,55.146399,19.000000,0,0,0,1,1,0,0,0,0,0,0,0
Huancayo-IGP,-75.320900,-12.040200,3352.000000,1,1,1,1,1,1,0,0,0,0,0,0
Thornton_C-power,2.955278,51.532500,30.000000,0,1,1,1,1,1,1,1,1,1,1,1
Poprad-Ganovce,20.322000,49.035000,706.000000,1,0,1,1,1,1,1,1,1,1,1,1
AgiaMarina_Xyliatou,33.057700,35.038000,521.000000,1,1,1,1,1,0,0,0,0,0,0,0
NEON_ORNL,-84.282588,35.964128,344.000000,1,0,0,0,0,0,0,0,0,0,0,0
Taylor_Ranch_TWRS,-114.849950,45.103500,1039.000000,1,1,1,1,1,1,0,0,0,0,0,0
NEON_ONAQ,-112.452439,40.177589,1656.000000,1,1,1,1,0,0,0,0,0,0,0,0
Wallops_ACHIEVE,-75.471000,37.933486,13.500000,0,0,1,1,1,1,0,0,0,0,0,0
UNC-Gaitan,-72.351800,4.310680,192.000000,1,0,0,0,0,0,0,0,0,0,0,0
NEON_WOOD,-99.241356,47.128228,590.000000,1,1,1,1,1,0,0,0,0,0,0,0
Simonstown_IMT,18.445670,-34.192720,27.000000,1,1,0,0,0,0,0,0,0,0,0,0
Shagaya_Park,47.060528,29.209072,242.000000,1,1,1,1,1,1,1,0,0,0,0,0
Camborne_MO,-5.326560,50.217820,87.000000,0,1,1,1,1,1,1,1,1,0,0,0
Makassar,119.572270,-4.997680,16.000000,1,0,0,0,0,0,0,0,0,0,0,0
ARM_McMurdo,166.729722,-77.848889,73.000000,1,1,1,0,0,0,0,0,0,1,1,1
ARM_WAIS,-112.083333,-79.470556,1829.000000,1,0,0,0,0,0,0,0,0,0,0,0
USC_SEAPRISM_2,-118.117820,33.563710,31.000000,1,1,1,1,1,1,1,1,1,1,1,1
Hokkaido_University,141.340700,43.075500,59.000000,1,1,1,1,1,1,1,1,1,1,0,0
Rome_ESA_ESRIN,12.671833,41.826667,240.000000,1,0,1,1,1,0,1,1,1,1,1,1
Aras_de_los_Olmos,-1.101600,39.945000,1280.000000,0,0,0,0,0,0,0,0,0,0,0,1
Weizmann_Institute,34.810531,31.907235,73.000000,1,1,1,1,1,1,0,0,0,0,0,0
Paracou,-52.925833,5.266944,50.000000,0,0,0,0,0,0,0,0,1,0,0,0
Upington,21.156000,-28.379000,865.000000,0,1,1,1,1,1,1,1,1,0,1,1
Bukit_Kototabang,100.318050,-0.201940,864.500000,1,1,1,1,1,1,1,1,1,1,1,1
Koforidua_ANUC,-0.302058,6.109408,205.000000,1,1,1,1,1,1,1,1,1,1,1,0
Watnall_MO,-1.250958,53.005652,120.000000,0,1,1,1,0,0,1,1,1,1,1,1
Potchefstroom,27.091000,-26.690000,1355.000000,1,1,1,1,0,0,0,0,0,0,0,0
Natal,-35.199500,-5.841500,40.000000,1,1,1,0,1,1,1,0,0,0,0,0
ORS_UNAM_ISNP,-99.203683,19.399467,2361.000000,1,1,1,1,1,0,0,1,0,0,0,0
Lubango,13.445000,-14.958000,2047.000000,0,1,1,1,1,1,1,1,1,1,0,0
Namibe,12.178000,-15.159000,11.000000,0,1,0,1,1,1,1,1,1,1,1,1
KORUS_Taehwa,127.310330,37.312480,152.000000,0,0,0,1,1,1,0,0,0,0,0,0
KORUS_Iksan,127.005200,35.962200,84.000000,0,0,1,1,1,1,0,0,0,0,0,0
KORUS_UNIST_Ulsan,129.189700,35.581900,106.000000,0,0,1,1,1,1,1,1,1,1,1,1
KORUS_Kyungpook_NU,128.606416,35.889989,65.000000,0,0,1,1,1,1,1,1,1,1,1,1
KORUS_Olympic_Park,127.124180,37.521650,45.000000,0,0,0,0,1,1,0,0,0,0,0,0
KORUS_Daegwallyeong,128.758720,37.687120,837.000000,0,0,1,1,1,1,0,0,0,0,0,0
KORUS_NIER,126.639710,37.568930,26.900000,0,1,1,1,1,1,0,0,0,0,0,0
KORUS_Mokpo_NU,126.437360,34.913420,26.000000,0,0,1,1,1,1,1,1,1,1,1,1
Alishan,120.813410,23.508440,2416.000000,0,0,0,1,0,0,0,0,0,0,0,0
Lake_Erie,-83.193600,41.825600,173.500000,0,0,0,0,0,0,1,1,1,0,0,0
EastMalling_MO,0.440000,51.290000,33.000000,0,0,0,0,0,0,1,1,1,1,1,1
KORUS_Baeksa,127.569100,37.411560,64.000000,0,0,0,1,1,1,0,0,0,0,0,0
KORUS_Songchon,127.489460,37.338490,90.000000,0,0,0,1,1,1,0,0,0,0,0,0
NASA_KSC,-80.663476,28.463763,1.200000,0,0,0,0,1,1,1,1,1,1,1,1
Rhyl_MO,-3.508590,53.259290,77.000000,0,0,0,0,1,1,1,1,1,1,1,1
Santiago_Beauchef_2,-70.661666,-33.457222,560.000000,0,0,0,0,0,1,1,1,0,0,0,0
Albergue_UGR,-3.386989,37.095598,2501.000000,0,0,0,0,0,1,1,0,0,0,0,0
ARM_Ascension_Is,-14.349806,-7.966964,341.000000,0,0,0,0,1,1,1,1,1,1,1,1
Mount_Wilson,-118.055900,34.224700,1710.000000,0,0,0,0,0,0,1,1,1,1,1,1
Paranal_CTA,-70.324794,-24.701105,2154.000000,0,0,0,0,0,1,1,1,1,0,0,0
Crucero,-69.566200,-22.274500,1176.000000,0,0,0,0,0,0,0,1,1,1,0,0
Glasgow_MO,-4.531220,55.906800,59.000000,0,0,0,0,0,0,0,1,1,1,1,0
Walvis_Bay_airport,14.640000,-22.980000,82.000000,0,0,0,0,0,0,0,0,1,0,0,0
Mesa_Lakes,-108.100200,39.044300,2975.000000,0,0,0,0,0,0,0,0,0,1,1,1
Bamboo,121.535266,25.186711,1050.000000,0,0,0,0,0,0,0,0,0,0,1,1
Nouragues,-52.680056,4.087639,300.000000,0,0,0,0,0,0,0,0,1,0,0,0
Vienna_BOKU,16.331611,48.237861,266.000000,0,0,0,0,1,1,1,1,1,1,1,1
SDSU_IPLab,-96.786075,44.314828,518.000000,0,0,0,0,1,1,1,1,1,1,1,0
